IIW Fatigue Recommendations  XIII-1965-03/XV-1127-03                 February 2005




    Surface cracks at butt weld toes

     ai     long surface crack near plate edge, butt welds l/t=1 a/c=0.1

    25.0     0   0   0   0   0   0   0   0   0   0   0   0   0   4   7  17
    20.0     0   0   0   0   0   0   0   0   0   0   0   4   6   8  11  20
    16.0     0   0   0   0   0   0   0   0   0   0   4   7   9  11  15  23
    12.0     0   0   0   0   0   0   0   0   0   6   9  12  14  16  20  27
    10.0     0   0   0   0   0   0   0   0   5   9  12  15  18  20  23  29
     8.0     0   0   0   0   0   0   4   7   9  13  17  19  22  23  26  32
     6.0     0   0   0   0   0   6   9  12  15  18  22  25  26  28  30  35
     5.0     0   0   0   0   6  10  13  16  18  22  25  28  29  31  33  38
     4.0     0   0   0   5  10  14  18  21  23  26  29  31  33  34  36  40
     3.0     0   0   7  11  16  21  24  27  29  31  34  36  37  38  40  43
     2.0     5  11  16  20  26  30  32  34  36  38  40  42  43  44  45  48
     1.0    22  29  33  36  40  43  45  46  47  49  51  52  52  53  53  54
     0.5    41  45  48  50  53  55  57  58  58  59  60  60  60  60  60  59
     0.2    61  64  66  68  69  70  70  70  70  70  70  70  69  69  68  64

      t  =   3   4   5   6   8  10  12  14  16  20  25  30  35  40  50 100

     ai     long surface crack apart from edge, butt welds l/t=1 a/c=0.1

    25.0     0   0   0   0   0   0   0   0   0   0   0   0   0   8  13  23
    20.0     0   0   0   0   0   0   0   0   0   0   0   7  11  13  17  26
    16.0     0   0   0   0   0   0   0   0   0   0   9  12  15  18  21  29
    12.0     0   0   0   0   0   0   0   0   0  11  15  18  21  23  26  33
    10.0     0   0   0   0   0   0   0   0  10  15  19  22  25  27  29  36
     8.0     0   0   0   0   0   0   8  12  15  20  24  27  29  31  33  39
     6.0     0   0   0   0   0  12  16  19  22  26  30  32  34  35  37  43
     5.0     0   0   0   0  11  17  20  24  26  30  33  35  37  38  40  45
     4.0     0   0   0   9  17  22  26  29  31  34  37  39  41  42  44  48
     3.0     0   0  13  18  25  29  32  35  37  40  42  44  45  46  48  51
     2.0    11  19  25  29  35  38  41  43  45  47  49  50  51  52  53  55
     1.0    33  39  43  46  50  53  54  56  57  59  60  61  61  61  62  61
     0.5    52  56  59  61  64  66  67  68  68  69  69  69  69  69  68  66
     0.2    74  77  78  79  80  81  81  80  80  80  79  78  77  76  75  70

      t  =   3   4   5   6   8  10  12  14  16  20  25  30  35  40  50 100

     ai     short surface crack apart from edge, butt welds l/t=1 a/c=0.5

    25.0     0   0   0   0   0   0   0   0   0   0   0   0   0  17  23  36
    20.0     0   0   0   0   0   0   0   0   0   0   0  15  21  24  29  40
    16.0     0   0   0   0   0   0   0   0   0   0  18  23  27  30  34  43
    12.0     0   0   0   0   0   0   0   0   0  21  27  32  35  37  41  47
    10.0     0   0   0   0   0   0   0   0  20  27  33  37  39  41  44  50
     8.0     0   0   0   0   0   0  18  24  28  34  39  42  44  46  48  52
     6.0     0   0   0   0   0  23  30  34  37  42  46  48  50  51  53  56
     5.0     0   0   0   0  22  31  36  39  42  47  50  52  53  54  56  57
     4.0     0   0   0  20  32  38  43  46  48  52  54  56  57  58  59  60
     3.0     0   0  26  33  42  47  51  53  55  58  59  61  61  62  62  62
     2.0    22  36  43  48  54  58  60  62  63  65  66  67  67  67  67  65
     1.0    54  61  65  68  71  73  74  74  75  75  75  75  74  74  73  69
     0.5    76  80  82  83  84  84  84  84  84  83  82  81  80  79  77  71
     0.2    98  98  98  98  97  95  94  93  92  90  88  86  85  83  81  74

      t  =   3   4   5   6   8  10  12  14  16  20  25  30  35  40  50 100




                                    page 105
